acc_gdm =

    0.8785


prec_gdm =

    0.7500
    0.9474
    0.7273
    0.8750
    1.0000


rec_gdm =

    0.9000
    0.7500
    0.9412
    0.8400
    0.9677


acc_gd =

    0.8318


prec_gd =

    0.6923
    0.8421
    0.6957
    0.8571
    0.9677


rec_gd =

    0.9000
    0.6667
    0.9412
    0.7200
    0.9677