accuracy =

    0.8972


precision =

    0.9000
    0.9048
    0.7143
    0.9600
    0.9667


recall =

    0.9000
    0.7917
    0.8824
    0.9600
    0.9355