acc_val =

    0.8879


prec_val =

    0.7500
    0.8462
    0.9286
    0.8800
    0.9667


rec_val =

    0.9000
    0.9167
    0.7647
    0.8800
    0.9355


acc_noval =

    0.8505


prec_noval =

    0.8000
    0.8571
    0.6522
    0.8846
    1.0000


rec_noval =

    0.8000
    0.7500
    0.8824
    0.9200
    0.8710