accuracy =

    0.8879


precision =

    0.9000
    0.8947
    0.6818
    0.9231
    1.0000


recall =

    0.9000
    0.7083
    0.8824
    0.9600
    0.9677


accuracy =

    0.8879