accuracy =

    0.7944


precision =

    0.6154
    0.7917
    0.6154
    0.8824
    1.0000


recall =

    0.8000
    0.7917
    0.9412
    0.6000
    0.8710


accuracy =

    0.7944