accuracy =

    0.3645    0.9159    0.8972    0.8785


precision =

    0.2000    0.4000         0    0.4286    0.4310
    0.8889    0.9524    0.8421    0.8571    1.0000
    0.8889    0.9000    0.7619    0.9231    0.9677
    0.7000    0.9500    0.7619    0.8462    1.0000


recall =

    0.5000    0.2500         0    0.1200    0.8065
    0.8000    0.8333    0.9412    0.9600    0.9677
    0.8000    0.7500    0.9412    0.9600    0.9677
    0.7000    0.7917    0.9412    0.8800    0.9677