acc_val =

    0.8785


prec_val =

    0.8000
    0.9048
    0.7368
    0.8846
    0.9677


rec_val =

    0.8000
    0.7917
    0.8235
    0.9200
    0.9677


acc_noval =

    0.8598


prec_noval =

    0.8000
    0.8636
    0.7143
    0.8462
    1.0000


rec_noval =

    0.8000
    0.7917
    0.8824
    0.8800
    0.9032