acc_gdm =

    0.9252


prec_gdm =

    0.9000
    0.9524
    0.8000
    0.9231
    1.0000


rec_gdm =

    0.9000
    0.8333
    0.9412
    0.9600
    0.9677


acc_gd =

    0.8505


prec_gd =

    0.7500
    0.8261
    0.6957
    0.9091
    1.0000


rec_gd =

    0.9000
    0.7917
    0.9412
    0.8000
    0.8710