accuracy =

    0.2430    0.8972    0.8972    0.8505


precision =

    0.1111    0.5000         0    0.4500       NaN
    0.8182    0.9048    0.7500    0.9200    1.0000
    0.8182    0.9091    0.7895    0.9167    0.9677
    0.7500    0.8571    0.7000    0.9130    0.9355


recall =

    0.7000    0.0417         0    0.7200         0
    0.9000    0.7917    0.8824    0.9200    0.9677
    0.9000    0.8333    0.8824    0.8800    0.9677
    0.9000    0.7500    0.8235    0.8400    0.9355