acc_gd =

    0.9346    0.8879    0.9065    0.8598    0.8879    0.8598    0.8598    0.8785


prec_gd =

    0.9000    0.8846    0.8824    0.9583    1.0000
    0.8000    0.9500    0.7273    0.8800    1.0000
    0.7500    0.9524    0.8000    0.9167    1.0000
    0.7273    0.9091    0.6500    0.8846    1.0000
    0.8000    0.9048    0.7500    0.8846    1.0000
    0.8000    0.9474    0.6400    0.8846    1.0000
    0.8182    0.8636    0.6522    0.9167    1.0000
    0.7273    0.9048    0.7895    0.8462    1.0000


rec_gd =

    0.9000    0.9583    0.8824    0.9200    0.9677
    0.8000    0.7917    0.9412    0.8800    0.9677
    0.9000    0.8333    0.9412    0.8800    0.9677
    0.8000    0.8333    0.7647    0.9200    0.9032
    0.8000    0.7917    0.8824    0.9200    0.9677
    0.8000    0.7500    0.9412    0.9200    0.8710
    0.9000    0.7917    0.8824    0.8800    0.8710
    0.8000    0.7917    0.8824    0.8800    0.9677