accuracy =

    0.2243    0.8411    0.8879    0.7944


precision =

       NaN    0.1935    0.2000       NaN    0.2857
    0.6429    0.8889    0.7619    0.8750    0.9333
    0.8889    0.9048    0.7143    0.8846    1.0000
    1.0000    1.0000    0.5882    0.7667    0.7838


recall =

         0    0.5000    0.1176         0    0.3226
    0.9000    0.6667    0.9412    0.8400    0.9032
    0.8000    0.7917    0.8824    0.9200    0.9677
    0.7000    0.6667    0.5882    0.9200    0.9355