acc_val =

    0.9159


prec_val =

    1.0000
    0.8696
    0.7500
    0.9600
    1.0000


rec_val =

    0.9000
    0.8333
    0.8824
    0.9600
    0.9677


acc_noval =

    0.8879


prec_noval =

    0.8000
    0.9091
    0.7619
    0.8846
    1.0000


rec_noval =

    0.8000
    0.8333
    0.9412
    0.9200
    0.9032