acc_gd =

    0.7664    0.9252    0.8785    0.9252    0.8972    0.9065    0.9252    0.8972


prec_gd =

    0.4667    0.8947    0.5862    0.8125    1.0000
    0.8333    0.9524    0.7619    1.0000    1.0000
    0.7273    0.9474    0.7273    0.8800    1.0000
    0.8889    0.9545    0.8000    0.9231    1.0000
    0.8889    0.9500    0.7391    0.8889    1.0000
    0.8182    0.9500    0.7619    0.9200    1.0000
    1.0000    0.9091    0.7619    0.9600    1.0000
    0.8182    0.9048    0.7619    0.9200    1.0000


rec_gd =

    0.7000    0.7083    1.0000    0.5200    0.9032
    1.0000    0.8333    0.9412    0.9200    0.9677
    0.8000    0.7500    0.9412    0.8800    0.9677
    0.8000    0.8750    0.9412    0.9600    0.9677
    0.8000    0.7917    1.0000    0.9600    0.9032
    0.9000    0.7917    0.9412    0.9200    0.9677
    0.9000    0.8333    0.9412    0.9600    0.9677
    0.9000    0.7917    0.9412    0.9200    0.9355


max_gd =

    0.9252


Index_gd =

     2


acc_gdx =

    0.9065    0.8224    0.8692    0.9065    0.8598    0.8972    0.8318    0.8785


prec_gdx =

    0.8889    0.9524    0.7273    0.9231    1.0000
    0.8000    1.0000    0.6667    0.7419    0.9677
    0.8889    0.8947    0.7273    0.8276    1.0000
    0.9000    0.8400    0.8750    0.9200    0.9677
    0.8000    0.8182    0.7778    0.8148    1.0000
    0.9000    0.9048    0.7143    0.9200    1.0000
    0.7273    0.8500    0.6667    0.8077    1.0000
    0.8889    0.8636    0.7273    0.8800    1.0000


rec_gdx =

    0.8000    0.8333    0.9412    0.9600    0.9355
    0.8000    0.4583    0.9412    0.9200    0.9677
    0.8000    0.7083    0.9412    0.9600    0.9032
    0.9000    0.8750    0.8235    0.9200    0.9677
    0.8000    0.7500    0.8235    0.8800    0.9677
    0.9000    0.7917    0.8824    0.9200    0.9677
    0.8000    0.7083    0.8235    0.8400    0.9355
    0.8000    0.7917    0.9412    0.8800    0.9355


max_gdx =

    0.9065


Index_gdx =

     1


best_training =

traingd


best_rate =

    0.1000


max_accuracy =

    0.9252