acc_gd =

    0.7477    0.8505    0.8692    0.9159    0.8785    0.8598    0.9065    0.8972


prec_gd =

    0.6667    0.9091    0.5517    0.7000    0.9118
    0.8000    0.8500    0.7143    0.8750    0.9375
    0.8000    0.8947    0.6957    0.8800    1.0000
    0.8000    1.0000    0.7727    0.9200    1.0000
    0.8889    1.0000    0.6667    0.8462    1.0000
    0.7500    0.8571    0.6818    0.9091    1.0000
    0.9000    0.9048    0.7619    0.9200    1.0000
    0.8182    0.9474    0.7273    0.9200    1.0000


rec_gd =

    0.2000    0.4167    0.9412    0.8400    1.0000
    0.8000    0.7083    0.8824    0.8400    0.9677
    0.8000    0.7083    0.9412    0.8800    0.9677
    0.8000    0.7917    1.0000    0.9200    1.0000
    0.8000    0.7500    0.9412    0.8800    0.9677
    0.9000    0.7500    0.8824    0.8000    0.9677
    0.9000    0.7917    0.9412    0.9200    0.9677
    0.9000    0.7500    0.9412    0.9200    0.9677


max_gd =

    0.9159


Index_gd =

     4


acc_gdx =

    0.1963    0.2523    0.8785    0.8505    0.8785    0.2804    0.8785    0.9346


prec_gdx =

    0.0968    0.2632         0    0.3333    0.1875
    0.1500    0.1818    0.0667    0.3333    0.4545
    0.7778    0.9500    0.7500    0.8214    1.0000
    0.8750    0.8500    0.7368    0.7667    1.0000
    0.7500    0.8333    0.8333    0.8750    1.0000
    0.2500    0.6000    0.2500    0.2206       NaN
    0.9000    0.9500    0.6400    0.9583    0.9643
    0.9000    1.0000    0.8095    0.9231    1.0000


rec_gdx =

    0.3000    0.4167         0    0.2000    0.0968
    0.3000    0.2500    0.0588    0.0800    0.4839
    0.7000    0.7917    0.8824    0.9200    0.9677
    0.7000    0.7083    0.8235    0.9200    0.9677
    0.9000    0.8333    0.8824    0.8400    0.9355
    0.3000    0.3750    0.1765    0.6000         0
    0.9000    0.7917    0.9412    0.9200    0.8710
    0.9000    0.8333    1.0000    0.9600    0.9677


max_gdx =

    0.9346


Index_gdx =

     8


best_training =

traingdx


best_rate =

    0.4000


max_accuracy =

    0.9346